================================================================================
ANÁLISIS PROFESIONAL - EA_MAs_Research_v1.05
69 SALIDAS VIRTUALES SIMULTÁNEAS
================================================================================

📁 Archivos encontrados: 5

✅ MAs_Resumen_EURUSD_H1_2023_06_15.csv
   Señales: 229 | Columnas: 307
   Analizando salidas por pips...
   Analizando timeouts...
   Analizando stop loss...
   Analizando retrocesos...
   Analizando cruces...
   Analizando combinaciones...
   Analizando BUY vs SELL...
   Calculando estrategia óptima...
   Generando gráficos...
✅ Gráficos guardados: Analisis_Profesional_H1.png

================================================================================
ANÁLISIS PROFESIONAL: H1
================================================================================

📊 SALIDAS POR PIPS FIJOS:
  Salida  N_Alcanzaron  Pct_Alcanzaron  Pips_Mean  Bars_Mean  N_BUY  N_SELL   Pips_BUY  Pips_SELL
      P5           219       95.633188  12.107306  19.506849    107     112  11.114019  13.056250
     P10           207       90.393013  17.150242  22.227053    102     105  16.476471  17.804762
     P15           197       86.026201  21.603046  28.345178     96     101  20.775000  22.390099
     P20           195       85.152838  28.665128  36.441026     96      99  28.670833  28.659596
     P25           195       85.152838  32.355385  44.148718     96      99  31.701042  32.989899
     P30           188       82.096070  39.739362  51.930851     91      97  39.885714  39.602062
     P35           179       78.165939  47.345810  59.569832     86      93  47.686047  47.031183
     P40           177       77.292576  50.363277  65.751412     86      91  50.801163  49.949451
     P50           171       74.672489  61.398246  73.847953     81      90  63.045679  59.915556
     P55           168       73.362445  65.127976  80.500000     81      87  66.125926  64.198851
     P60           168       73.362445  71.114881  90.238095     81      87  73.325926  69.056322
     P65           161       70.305677  75.505590  90.440994     81      80  76.224691  74.777500
     P70           161       70.305677  80.250932  99.000000     81      80  80.024691  80.480000
     P75           159       69.432314  83.144654 110.698113     81      78  81.709877  84.634615
     P80           159       69.432314  88.944654 120.761006     81      78  87.691358  90.246154
     P85           149       65.065502  94.278523 125.402685     71      78  94.400000  94.167949
     P90           147       64.192140 100.036735 135.979592     71      76 101.276056  98.878947
    P100           141       61.572052 109.303546 159.106383     71      70 109.767606 108.832857
P100plus           141       61.572052 109.303546 159.106383     71      70 109.767606 108.832857

⏱️  SALIDAS POR TIMEOUT:
 Timeout  N_Llegaron  N_Terminaron  Pct_Terminaron  Pips_Mean  Bars_Mean
      25         229             0             0.0   4.271616       25.0
      50         229             0             0.0   3.586463       50.0
      75         229             0             0.0  -2.836245       75.0
     100         229             0             0.0  -4.670306      100.0
     125         229             0             0.0  -6.587773      125.0
     150         229             0             0.0   3.299127      150.0
     175         229             0             0.0   7.668122      175.0
     200         229             0             0.0  12.224017      200.0
     225         229             0             0.0   2.934061      225.0
     250         229             0             0.0   5.254585      250.0
     275         229             0             0.0  -9.698690      275.0
     300         229             0             0.0  -3.057205      300.0
     325         229             0             0.0  -6.044105      325.0
     350         229             0             0.0  -8.629258      350.0
     400         229             0             0.0 -21.607860      400.0
     450         229             0             0.0  -8.527948      450.0
     500         229           229           100.0  -4.130131      500.0

🛑 ACTIVACIÓN STOP LOSS:
 StopLoss  N_Activado  Pct_Activado   Pips_Mean  Bars_Mean
        5         217     94.759825  -12.715207  32.096774
       10         217     94.759825  -16.758525  36.465438
       20         212     92.576419  -29.763208  50.367925
       30         179     78.165939  -39.646369  50.715084
       40         169     73.799127  -47.608284  58.266272
       50         152     66.375546  -61.717105  74.993421
       60         141     61.572052  -70.804965  94.851064
       70         135     58.951965  -80.566667 112.051852
       80         126     55.021834  -89.519048 122.253968
       90         121     52.838428  -98.520661 137.231405
      100         111     48.471616 -108.072973 137.414414
      120         106     46.288210 -133.066981 161.396226
      130         106     46.288210 -146.040566 179.867925
      140         100     43.668122 -156.985000 177.810000
      150         100     43.668122 -162.061000 181.760000
      160          96     41.921397 -170.044792 197.239583
      170          96     41.921397 -180.719792 221.354167
      180          89     38.864629 -189.500000 236.168539
      190          84     36.681223 -199.542857 234.357143
      200          83     36.244541 -206.862651 239.289157

↩️  SALIDAS POR RETROCESO:
Retroceso  N_Ocurrieron  Pct_Ocurrieron  Pips_Mean  Bars_Mean
      R20           162       70.742358  10.782099  22.716049
      R25           161       70.305677  11.152174  21.645963
      R30           161       70.305677  11.622981  22.627329
      R35           160       69.868996  13.262500  25.987500
      R40           155       67.685590  12.188387  27.677419
      R45           154       67.248908  12.705195  29.850649
      R50           153       66.812227  12.432680  30.836601

🔄 SALIDAS POR CRUCE INVERSO:
  Cruce  N_Ocurrieron  Pct_Ocurrieron  Pips_Mean  Bars_Mean
Cruce_a            87       37.991266  94.410345 323.045977
Cruce_b            70       30.567686  75.584286 171.471429
Cruce_c            75       32.751092  50.352000  78.853333
Cruce_d            86       37.554585  31.273256  28.988372
Cruce_e            88       38.427948  16.310227   7.409091

🔢 PERFORMANCE POR COMBINACIÓN:
Combinacion  N_Señales  Pips_Mean  Pips_Median  Pips_Max  Pips_Min  Pct_Positivos  Pips_Total
          A         45 150.877778       118.20     662.1      -3.6      95.555556      6789.5
          B         46 150.539130       115.40     662.1       0.0      97.826087      6924.8
          C         46 150.532609       118.45     474.8       0.0      97.826087      6924.5
          D         46 152.391304       118.45     662.1      -0.3      95.652174      7010.0
          E         46 155.386957       118.45     662.1     -11.2      95.652174      7147.8

⚖️  BUY vs SELL:
Tipo  N_Señales  Pips_Mean  Pips_Median  Pips_Total  Pct_Positivos
 BUY        111 174.945946        124.6     19419.0      96.396396
SELL        118 130.318644        109.2     15377.6      96.610169

   ⚠️  ASIMETRÍA: BUY superior en 34.2%

🎯 TOP 10 ESTRATEGIAS ÓPTIMAS (Maximizando Pips Total):
Salida  N_Alcanzaron  Pct_Alcanzaron  Pips_Total  Pips_Mean   Score
  T500           112       48.908297     20242.8 180.739286 20242.8
  T450           123       53.711790     19361.1 157.407317 19361.1
  T350           115       50.218341     18270.6 158.874783 18270.6
  T325           120       52.401747     17561.9 146.349167 17561.9
  T300           125       54.585153     17524.9 140.199200 17524.9
  T250           131       57.205240     17263.3 131.780916 17263.3
  T400           117       51.091703     16711.5 142.833333 16711.5
  T225           135       58.951965     16224.2 120.179259 16224.2
  T275           123       53.711790     15853.6 128.891057 15853.6
  T200           141       61.572052     15459.1 109.639007 15459.1

✨ RECOMENDACIÓN H1:
   Salida: T500
   Pips Total: 20242.8
   Pips Mean: 180.7
   % Alcanzaron: 48.9%
   N Señales: 112


✅ MAs_Resumen_EURUSD_H4_2023_06_15.csv
   Señales: 52 | Columnas: 307
   Analizando salidas por pips...
   Analizando timeouts...
   Analizando stop loss...
   Analizando retrocesos...
   Analizando cruces...
   Analizando combinaciones...
   Analizando BUY vs SELL...
   Calculando estrategia óptima...
   Generando gráficos...
✅ Gráficos guardados: Analisis_Profesional_H4.png

================================================================================
ANÁLISIS PROFESIONAL: H4
================================================================================

📊 SALIDAS POR PIPS FIJOS:
  Salida  N_Alcanzaron  Pct_Alcanzaron  Pips_Mean  Bars_Mean  N_BUY  N_SELL   Pips_BUY  Pips_SELL
      P5            52      100.000000  16.863462   9.115385     30      22  16.870000  16.854545
     P10            52      100.000000  19.692308   9.807692     30      22  19.216667  20.340909
     P15            52      100.000000  24.673077  11.384615     30      22  25.850000  23.068182
     P20            51       98.076923  29.390196  14.372549     30      21  27.110000  32.647619
     P25            46       88.461538  35.123913  16.260870     25      21  34.684000  35.647619
     P30            46       88.461538  36.073913  17.782609     25      21  34.684000  37.728571
     P35            46       88.461538  45.408696  24.086957     25      21  48.004000  42.319048
     P40            46       88.461538  53.126087  33.217391     25      21  57.972000  47.357143
     P50            42       80.769231  63.992857  35.928571     25      17  68.092000  57.964706
     P55            42       80.769231  67.233333  36.690476     25      17  70.716000  62.111765
     P60            42       80.769231  70.611905  37.357143     25      17  75.176000  63.900000
     P65            42       80.769231  74.504762  41.476190     25      17  75.432000  73.141176
     P70            41       78.846154  76.660976  49.146341     25      16  76.136000  77.481250
     P75            40       76.923077  95.557500  51.225000     25      15 100.972000  86.533333
     P80            40       76.923077  97.520000  57.550000     25      15 102.492000  89.233333
     P85            40       76.923077 100.982500  62.900000     25      15 106.492000  91.800000
     P90            40       76.923077 106.405000  63.175000     25      15 112.212000  96.726667
    P100            40       76.923077 126.180000  63.950000     25      15 137.328000 107.600000
P100plus            40       76.923077 126.180000  63.950000     25      15 137.328000 107.600000

⏱️  SALIDAS POR TIMEOUT:
 Timeout  N_Llegaron  N_Terminaron  Pct_Terminaron  Pips_Mean  Bars_Mean
      25          52             0             0.0  -1.726923       25.0
      50          52             0             0.0  29.578846       50.0
      75          52             0             0.0  45.269231       75.0
     100          52             0             0.0  56.507692      100.0
     125          52             0             0.0  94.596154      125.0
     150          52             0             0.0  82.367308      150.0
     175          52             0             0.0 114.051923      175.0
     200          52             0             0.0 101.011538      200.0
     225          52             0             0.0 114.123077      225.0
     250          52             0             0.0 125.959615      250.0
     275          52             0             0.0 140.113462      275.0
     300          52             0             0.0 148.300000      300.0
     325          52             0             0.0 183.369231      325.0
     350          52             0             0.0 133.248077      350.0
     400          52             0             0.0  62.203846      400.0
     450          52             0             0.0  50.871154      450.0
     500          52            52           100.0 106.055769      500.0

🛑 ACTIVACIÓN STOP LOSS:
 StopLoss  N_Activado  Pct_Activado   Pips_Mean  Bars_Mean
        5          52    100.000000  -15.009615  13.365385
       10          52    100.000000  -17.894231  14.038462
       20          52    100.000000  -31.807692  50.750000
       30          52    100.000000  -39.771154  57.192308
       40          51     98.076923  -50.229412  60.549020
       50          42     80.769231  -57.150000  65.357143
       60          42     80.769231  -68.450000  80.214286
       70          37     71.153846  -80.794595  99.756757
       80          37     71.153846  -90.348649 105.324324
       90          33     63.461538  -98.063636  64.333333
      100          33     63.461538 -105.130303  67.939394
      120          24     46.153846 -124.670833  69.708333
      130          24     46.153846 -142.375000 187.083333
      140          24     46.153846 -154.833333 206.750000
      150          24     46.153846 -162.812500 208.416667
      160          24     46.153846 -174.445833 208.916667
      170          24     46.153846 -187.600000 214.916667
      180          24     46.153846 -192.204167 215.291667
      190          24     46.153846 -202.483333 224.416667
      200          18     34.615385 -213.794444 164.611111

↩️  SALIDAS POR RETROCESO:
Retroceso  N_Ocurrieron  Pct_Ocurrieron  Pips_Mean  Bars_Mean
      R20            37       71.153846  26.672973   9.189189
      R25            37       71.153846  24.335135   9.459459
      R30            37       71.153846  24.335135   9.459459
      R35            37       71.153846  18.540541   9.702703
      R40            37       71.153846  16.662162  10.513514
      R45            37       71.153846  16.662162  10.513514
      R50            37       71.153846  15.705405  10.648649

🔄 SALIDAS POR CRUCE INVERSO:
  Cruce  N_Ocurrieron  Pct_Ocurrieron  Pips_Mean  Bars_Mean
Cruce_a            31       59.615385 305.651613 377.483871
Cruce_b            19       36.538462 123.363158 156.789474
Cruce_c            16       30.769231 152.950000  99.125000
Cruce_d            10       19.230769  39.310000  32.100000
Cruce_e            18       34.615385  10.772222   5.444444

🔢 PERFORMANCE POR COMBINACIÓN:
Combinacion  N_Señales  Pips_Mean  Pips_Median  Pips_Max  Pips_Min  Pct_Positivos  Pips_Total
          A         10 358.300000       334.05    1095.4      21.1          100.0      3583.0
          B         10 372.360000       344.25    1095.4      21.1          100.0      3723.6
          C         10 358.300000       334.05    1095.4      21.1          100.0      3583.0
          D         10 358.300000       334.05    1095.4      21.1          100.0      3583.0
          E         12 310.441667       276.15    1095.4      18.8          100.0      3725.3

⚖️  BUY vs SELL:
Tipo  N_Señales  Pips_Mean  Pips_Median  Pips_Total  Pct_Positivos
 BUY         30 412.180000        351.4     12365.4          100.0
SELL         22 265.113636        161.3      5832.5          100.0

   ⚠️  ASIMETRÍA: BUY superior en 55.5%

🎯 TOP 10 ESTRATEGIAS ÓPTIMAS (Maximizando Pips Total):
 Salida  N_Alcanzaron  Pct_Alcanzaron  Pips_Total  Pips_Mean   Score
   T325            35       67.307692     13733.3 392.380000 13733.3
   T300            35       67.307692     11852.6 338.645714 11852.6
   T275            35       67.307692     11396.9 325.625714 11396.9
   T350            34       65.384615     11036.5 324.602941 11036.5
   T500            29       55.769231     10149.6 349.986207 10149.6
   T250            35       67.307692     10048.3 287.094286 10048.3
Cruce_a            31       59.615385      9475.2 305.651613  9475.2
   T175            34       65.384615      9221.7 271.226471  9221.7
   T225            29       55.769231      9195.5 317.086207  9195.5
   T400            29       55.769231      9016.1 310.900000  9016.1

✨ RECOMENDACIÓN H4:
   Salida: T325
   Pips Total: 13733.3
   Pips Mean: 392.4
   % Alcanzaron: 67.3%
   N Señales: 35


✅ MAs_Resumen_EURUSD_M15_2023_06_15.csv
   Señales: 985 | Columnas: 307
   Analizando salidas por pips...
   Analizando timeouts...
   Analizando stop loss...
   Analizando retrocesos...
   Analizando cruces...
   Analizando combinaciones...
   Analizando BUY vs SELL...
   Calculando estrategia óptima...
   Generando gráficos...
✅ Gráficos guardados: Analisis_Profesional_M15.png

================================================================================
ANÁLISIS PROFESIONAL: M15
================================================================================

📊 SALIDAS POR PIPS FIJOS:
  Salida  N_Alcanzaron  Pct_Alcanzaron  Pips_Mean  Bars_Mean  N_BUY  N_SELL   Pips_BUY  Pips_SELL
      P5           928       94.213198   9.338362  44.603448    471     457   9.036943   9.649015
     P10           890       90.355330  15.169888  61.615730    456     434  14.614035  15.753917
     P15           872       88.527919  19.907798  74.932339    450     422  19.102000  20.767062
     P20           838       85.076142  25.252625  91.886635    424     414  25.378066  25.124155
     P25           811       82.335025  30.740074 113.795314    415     396  30.697831  30.784343
     P30           781       79.289340  35.800256 127.291933    404     377  35.796535  35.804244
     P35           743       75.431472  40.936205 135.825034    391     352  40.949616  40.921307
     P40           702       71.269036  45.353989 147.455840    366     336  45.278415  45.436310
     P50           605       61.421320  55.900496 177.216529    311     294  55.836334  55.968367
     P55           563       57.157360  61.520249 185.191829    296     267  61.422973  61.628090
     P60           527       53.502538  65.653510 190.576850    281     246  65.319929  66.034553
     P65           467       47.411168  71.665739 190.940043    243     224  71.253086  72.113393
     P70           431       43.756345  76.042691 198.890951    235     196  75.240851  77.004082
     P75           412       41.827411  81.166990 217.225728    227     185  80.814978  81.598919
     P80           389       39.492386  85.541388 230.832905    220     169  85.464545  85.641420
     P85           379       38.477157  91.559367 240.804749    216     163  90.347685  93.165031
     P90           359       36.446701  96.919220 253.604457    197     162  96.063959  97.959259
    P100           311       31.573604 106.509968 281.028939    179     132 105.204469 108.280303
P100plus           311       31.573604 106.509968 281.028939    179     132 105.204469 108.280303

⏱️  SALIDAS POR TIMEOUT:
 Timeout  N_Llegaron  N_Terminaron  Pct_Terminaron  Pips_Mean  Bars_Mean
      25         985             0             0.0  -1.295330       25.0
      50         985             0             0.0  -0.524873       50.0
      75         985             0             0.0   0.465990       75.0
     100         985             0             0.0   1.363350      100.0
     125         985             0             0.0   2.357157      125.0
     150         985             0             0.0   0.533807      150.0
     175         985             0             0.0  -0.442335      175.0
     200         985             0             0.0  -0.345685      200.0
     225         985             0             0.0   2.106091      225.0
     250         985             0             0.0   0.997157      250.0
     275         985             0             0.0   2.590761      275.0
     300         985             0             0.0   1.478985      300.0
     325         985             0             0.0   3.705381      325.0
     350         985             0             0.0   1.543553      350.0
     400         985             0             0.0   2.090457      400.0
     450         985             0             0.0   2.259289      450.0
     500         985           985           100.0   0.385381      500.0

🛑 ACTIVACIÓN STOP LOSS:
 StopLoss  N_Activado  Pct_Activado   Pips_Mean  Bars_Mean
        5         939     95.329949   -8.591267  38.718850
       10         913     92.690355  -13.884666  63.027382
       20         816     82.842640  -24.247672  97.794118
       30         733     74.416244  -34.811050 124.229195
       40         662     67.208122  -45.725831 159.533233
       50         584     59.289340  -55.525171 188.619863
       60         535     54.314721  -65.457757 212.893458
       70         466     47.309645  -76.290129 234.077253
       80         369     37.461929  -86.653117 249.403794
       90         314     31.878173  -96.101911 254.764331
      100         271     27.512690 -105.844649 250.896679
      120         199     20.203046 -125.921608 275.623116
      130         169     17.157360 -138.907692 284.804734
      140         150     15.228426 -147.774667 292.906667
      150         127     12.893401 -159.721260 315.267717
      160         108     10.964467 -170.400926 325.842593
      170          94      9.543147 -178.374468 323.457447
      180          73      7.411168 -190.627397 306.657534
      190          66      6.700508 -199.292424 318.272727
      200          59      5.989848 -208.271186 314.745763

↩️  SALIDAS POR RETROCESO:
Retroceso  N_Ocurrieron  Pct_Ocurrieron  Pips_Mean  Bars_Mean
      R20           713       72.385787   7.893829  25.541374
      R25           712       72.284264   7.719101  26.134831
      R30           711       72.182741   7.491280  27.030942
      R35           701       71.167513   7.449073  28.774608
      R40           682       69.238579   7.357038  30.935484
      R45           671       68.121827   7.109836  32.257824
      R50           662       67.208122   6.573112  33.829305

🔄 SALIDAS POR CRUCE INVERSO:
  Cruce  N_Ocurrieron  Pct_Ocurrieron  Pips_Mean  Bars_Mean
Cruce_a           272       27.614213  39.801471 295.455882
Cruce_b           326       33.096447  30.689571 144.963190
Cruce_c           301       30.558376  18.728239  58.913621
Cruce_d           303       30.761421  14.596370  29.260726
Cruce_e           369       37.461929   8.593767   6.609756

🔢 PERFORMANCE POR COMBINACIÓN:
Combinacion  N_Señales  Pips_Mean  Pips_Median  Pips_Max  Pips_Min  Pct_Positivos  Pips_Total
          A        195  75.836410        60.90     372.4     -16.0      96.923077     14788.1
          B        199  74.609548        60.30     372.4     -16.0      94.974874     14847.3
          C        195  78.478462        61.20     372.4      -9.1      97.948718     15303.3
          D        196  77.627041        61.10     372.4      -6.7      98.469388     15214.9
          E        200  78.427000        63.65     372.4     -16.0      99.000000     15685.4

⚖️  BUY vs SELL:
Tipo  N_Señales  Pips_Mean  Pips_Median  Pips_Total  Pct_Positivos
 BUY        498  81.853614         63.5     40763.1      98.393574
SELL        487  72.024435         60.1     35075.9      96.509240

   ⚠️  ASIMETRÍA: BUY superior en 13.6%

🎯 TOP 10 ESTRATEGIAS ÓPTIMAS (Maximizando Pips Total):
Salida  N_Alcanzaron  Pct_Alcanzaron  Pips_Total  Pips_Mean   Score
  T500           486       49.340102     39333.9  80.933951 39333.9
  T450           501       50.862944     38398.0  76.642715 38398.0
  T400           499       50.659898     36284.7  72.714830 36284.7
   P90           359       36.446701     34794.0  96.919220 34794.0
   P85           379       38.477157     34701.0  91.559367 34701.0
   P55           563       57.157360     34635.9  61.520249 34635.9
   P60           527       53.502538     34599.4  65.653510 34599.4
   P50           605       61.421320     33819.8  55.900496 33819.8
  T350           502       50.964467     33566.2  66.864940 33566.2
   P65           467       47.411168     33467.9  71.665739 33467.9

✨ RECOMENDACIÓN M15:
   Salida: T500
   Pips Total: 39333.9
   Pips Mean: 80.9
   % Alcanzaron: 49.3%
   N Señales: 486


✅ MAs_Resumen_EURUSD_M30_2023_06_15.csv
   Señales: 464 | Columnas: 307
   Analizando salidas por pips...
   Analizando timeouts...
   Analizando stop loss...
   Analizando retrocesos...
   Analizando cruces...
   Analizando combinaciones...
   Analizando BUY vs SELL...
   Calculando estrategia óptima...
   Generando gráficos...
✅ Gráficos guardados: Analisis_Profesional_M30.png

================================================================================
ANÁLISIS PROFESIONAL: M30
================================================================================

📊 SALIDAS POR PIPS FIJOS:
  Salida  N_Alcanzaron  Pct_Alcanzaron  Pips_Mean  Bars_Mean  N_BUY  N_SELL   Pips_BUY  Pips_SELL
      P5           446       96.120690  10.795516  40.482063    224     222  11.625446   9.958108
     P10           432       93.103448  16.284722  52.631944    218     214  15.944954  16.630841
     P15           405       87.284483  22.473827  66.506173    203     202  22.265025  22.683663
     P20           386       83.189655  27.137047  79.253886    191     195  26.020942  28.230256
     P25           375       80.818966  32.817867  92.000000    181     194  31.482320  34.063918
     P30           361       77.801724  37.323546  99.659280    172     189  37.456395  37.202646
     P35           351       75.646552  43.010541 106.509972    171     180  42.139181  43.838333
     P40           336       72.413793  48.064583 127.455357    162     174  47.016667  49.040230
     P50           322       69.396552  56.922981 147.363354    155     167  56.272258  57.526946
     P55           315       67.887931  62.763492 156.720635    149     166  62.318792  63.162651
     P60           306       65.948276  66.864706 161.156863    146     160  65.534247  68.078750
     P65           292       62.931034  71.373973 171.979452    146     146  70.591096  72.156849
     P70           280       60.344828  78.401429 175.264286    141     139  78.178014  78.628058
     P75           271       58.405172  82.446494 179.335793    141     130  81.182270  83.817692
     P80           267       57.543103  87.390637 186.531835    141     126  86.319858  88.588889
     P85           260       56.034483  93.571923 204.138462    139     121  91.265468  96.221488
     P90           249       53.663793 100.098795 216.104418    128     121  97.699219 102.637190
    P100           226       48.706897 109.065044 247.407080    113     113 107.198230 110.931858
P100plus           226       48.706897 109.065044 247.407080    113     113 107.198230 110.931858

⏱️  SALIDAS POR TIMEOUT:
 Timeout  N_Llegaron  N_Terminaron  Pct_Terminaron  Pips_Mean  Bars_Mean
      25         464             0             0.0  -1.425000       25.0
      50         464             0             0.0  -1.396767       50.0
      75         464             0             0.0  -3.519612       75.0
     100         464             0             0.0  -2.776940      100.0
     125         464             0             0.0  -3.722414      125.0
     150         464             0             0.0  -6.405388      150.0
     175         464             0             0.0  -4.151293      175.0
     200         464             0             0.0  -8.470905      200.0
     225         464             0             0.0  -6.577155      225.0
     250         464             0             0.0  -6.594612      250.0
     275         464             0             0.0   0.207112      275.0
     300         464             0             0.0   3.747845      300.0
     325         464             0             0.0   6.008621      325.0
     350         464             0             0.0   6.229957      350.0
     400         464             0             0.0   5.279310      400.0
     450         464             0             0.0  -2.300431      450.0
     500         464           464           100.0   1.493319      500.0

🛑 ACTIVACIÓN STOP LOSS:
 StopLoss  N_Activado  Pct_Activado   Pips_Mean  Bars_Mean
        5         434     93.534483   -9.700461  22.414747
       10         419     90.301724  -15.689260  36.675418
       20         398     85.775862  -26.588945  72.356784
       30         373     80.387931  -36.844236  99.356568
       40         347     74.784483  -46.196254 108.213256
       50         331     71.336207  -56.375831 124.761329
       60         307     66.163793  -65.883062 136.504886
       70         286     61.637931  -77.534965 166.639860
       80         241     51.939655  -87.392116 172.601660
       90         222     47.844828  -96.971622 179.711712
      100         211     45.474138 -105.912322 189.862559
      120         182     39.224138 -125.480769 234.362637
      130         171     36.853448 -137.782456 267.391813
      140         158     34.051724 -145.869620 295.341772
      150         134     28.879310 -157.154478 311.813433
      160         120     25.862069 -166.498333 322.191667
      170         115     24.784483 -178.633043 337.939130
      180          94     20.258621 -186.606383 325.457447
      190          89     19.181034 -194.829213 326.707865
      200          75     16.163793 -206.070667 347.200000

↩️  SALIDAS POR RETROCESO:
Retroceso  N_Ocurrieron  Pct_Ocurrieron  Pips_Mean  Bars_Mean
      R20           278       59.913793  12.545324  29.507194
      R25           275       59.267241  11.918909  30.698182
      R30           271       58.405172  12.981550  33.822878
      R35           266       57.327586  13.186842  36.357143
      R40           260       56.034483  13.123077  38.734615
      R45           258       55.603448  12.713953  41.891473
      R50           245       52.801724  11.133878  38.493878

🔄 SALIDAS POR CRUCE INVERSO:
  Cruce  N_Ocurrieron  Pct_Ocurrieron  Pips_Mean  Bars_Mean
Cruce_a           129       27.801724  66.551938 309.294574
Cruce_b           181       39.008621  40.112155 147.955801
Cruce_c           151       32.543103  33.401987  75.781457
Cruce_d           140       30.172414  25.016429  30.200000
Cruce_e           137       29.525862  11.520438   6.824818

🔢 PERFORMANCE POR COMBINACIÓN:
Combinacion  N_Señales  Pips_Mean  Pips_Median  Pips_Max  Pips_Min  Pct_Positivos  Pips_Total
          A         91 104.092308         90.8     553.0      -9.3      97.802198      9472.4
          B         91 104.654945         91.7     553.0      -1.0      97.802198      9523.6
          C         93 102.311828         90.8     553.0      -9.3      95.698925      9515.0
          D         93 104.368817        100.0     553.0      -9.3      96.774194      9706.3
          E         96 101.627083         92.5     553.0     -13.0      94.791667      9756.2

⚖️  BUY vs SELL:
Tipo  N_Señales  Pips_Mean  Pips_Median  Pips_Total  Pct_Positivos
 BUY        238 111.373109        92.95     26506.8      94.537815
SELL        226  94.985398        95.35     21466.7      98.672566

   ⚠️  ASIMETRÍA: BUY superior en 17.3%

🎯 TOP 10 ESTRATEGIAS ÓPTIMAS (Maximizando Pips Total):
  Salida  N_Alcanzaron  Pct_Alcanzaron  Pips_Total  Pips_Mean   Score
    T500           250       53.879310     28972.1 115.888400 28972.1
    T450           242       52.155172     25222.0 104.223140 25222.0
     P90           249       53.663793     24924.6 100.098795 24924.6
P100plus           226       48.706897     24648.7 109.065044 24648.7
    P100           226       48.706897     24648.7 109.065044 24648.7
     P85           260       56.034483     24328.7  93.571923 24328.7
    T400           245       52.801724     23723.6  96.831020 23723.6
     P80           267       57.543103     23333.3  87.390637 23333.3
    T350           279       60.129310     22497.7  80.636918 22497.7
     P75           271       58.405172     22343.0  82.446494 22343.0

✨ RECOMENDACIÓN M30:
   Salida: T500
   Pips Total: 28972.1
   Pips Mean: 115.9
   % Alcanzaron: 53.9%
   N Señales: 250


✅ MAs_Resumen_EURUSD_M5_2023_06_15.csv
   Señales: 2,886 | Columnas: 307
   Analizando salidas por pips...
   Analizando timeouts...
   Analizando stop loss...
   Analizando retrocesos...
   Analizando cruces...
   Analizando combinaciones...
   Analizando BUY vs SELL...
   Calculando estrategia óptima...
   Generando gráficos...
✅ Gráficos guardados: Analisis_Profesional_M5.png

================================================================================
ANÁLISIS PROFESIONAL: M5
================================================================================

📊 SALIDAS POR PIPS FIJOS:
  Salida  N_Alcanzaron  Pct_Alcanzaron  Pips_Mean  Bars_Mean  N_BUY  N_SELL   Pips_BUY  Pips_SELL
      P5          2600       90.090090   7.320462  56.065000   1312    1288   7.149848   7.494255
     P10          2337       80.977131  12.923149  91.029097   1188    1149  12.844360  13.004613
     P15          2145       74.324324  17.866713 116.428438   1062    1083  17.728154  18.002585
     P20          1936       67.082467  23.399845 140.400826    967     969  23.324922  23.474613
     P25          1737       60.187110  28.648359 157.624640    884     853  28.739253  28.554162
     P30          1582       54.816355  33.727939 179.374210    805     777  33.962733  33.484685
     P35          1439       49.861400  38.879917 193.038916    755     684  38.728212  39.047368
     P40          1322       45.807346  44.018306 215.301059    693     629  43.982251  44.058029
     P50          1002       34.719335  54.231537 235.332335    542     460  54.107011  54.378261
     P55           897       31.081081  59.074582 250.146042    475     422  58.591368  59.618483
     P60           788       27.304227  64.126142 254.812183    424     364  63.445755  64.918681
     P65           679       23.527374  68.990133 257.117820    364     315  68.141209  69.971111
     P70           599       20.755371  74.081302 270.537563    328     271  73.371951  74.939852
     P75           500       17.325017  79.885000 277.904000    270     230  79.156667  80.740000
     P80           440       15.246015  84.642045 283.061364    236     204  83.421610  86.053922
     P85           387       13.409563  89.770284 284.229974    209     178  88.402392  91.376404
     P90           354       12.266112  95.048870 302.093220    196     158  94.088776  96.239873
    P100           251        8.697159 106.870120 293.015936    143     108 105.238462 109.030556
P100plus           251        8.697159 106.870120 293.015936    143     108 105.238462 109.030556

⏱️  SALIDAS POR TIMEOUT:
 Timeout  N_Llegaron  N_Terminaron  Pct_Terminaron  Pips_Mean  Bars_Mean
      25        2886             0             0.0  -0.173423       25.0
      50        2886             0             0.0  -0.509771       50.0
      75        2886             0             0.0  -1.173631       75.0
     100        2886             0             0.0  -0.801386      100.0
     125        2886             0             0.0  -0.529764      125.0
     150        2886             0             0.0  -0.767152      150.0
     175        2886             0             0.0  -0.484165      175.0
     200        2886             0             0.0  -0.752322      200.0
     225        2886             0             0.0  -0.354851      225.0
     250        2886             0             0.0  -0.060083      250.0
     275        2886             0             0.0   0.770825      275.0
     300        2886             0             0.0   0.803188      300.0
     325        2886             0             0.0   0.188427      325.0
     350        2886             0             0.0   0.604227      350.0
     400        2886             0             0.0  -0.399861      400.0
     450        2886             0             0.0  -0.664657      450.0
     500        2886          2886           100.0  -1.530180      500.0

🛑 ACTIVACIÓN STOP LOSS:
 StopLoss  N_Activado  Pct_Activado   Pips_Mean  Bars_Mean
        5        2599     90.055440   -7.267218  46.126202
       10        2391     82.848233  -12.585571  79.634463
       20        1929     66.839917  -23.286418 134.325039
       30        1561     54.088704  -33.638757 175.434978
       40        1331     46.119196  -43.557776 204.290008
       50        1058     36.659737  -54.276465 226.431002
       60         792     27.442827  -64.144066 248.256313
       70         605     20.963271  -73.885785 265.829752
       80         483     16.735967  -84.760248 270.610766
       90         367     12.716563  -95.017711 274.386921
      100         297     10.291060 -104.367677 311.797980
      120         147      5.093555 -126.430612 312.476190
      130         120      4.158004 -135.575000 305.941667
      140          97      3.361053 -149.167010 322.752577
      150          77      2.668053 -160.077922 318.662338
      160          66      2.286902 -168.287879 327.560606
      170          49      1.697852 -182.526531 309.142857
      180          44      1.524602 -189.184091 309.022727
      190          36      1.247401 -198.294444 300.138889
      200          30      1.039501 -206.550000 304.533333

↩️  SALIDAS POR RETROCESO:
Retroceso  N_Ocurrieron  Pct_Ocurrieron  Pips_Mean  Bars_Mean
      R20          2170       75.190575   4.212028  29.083410
      R25          2156       74.705475   4.228108  29.983766
      R30          2124       73.596674   4.204944  30.862053
      R35          2102       72.834373   4.280162  31.673168
      R40          2063       71.483021   4.217063  32.815317
      R45          2027       70.235620   4.053922  35.361618
      R50          1972       68.329868   3.921755  38.805781

🔄 SALIDAS POR CRUCE INVERSO:
  Cruce  N_Ocurrieron  Pct_Ocurrieron  Pips_Mean  Bars_Mean
Cruce_a           741       25.675676  29.297436 292.026991
Cruce_b           792       27.442827  24.175631 152.881313
Cruce_c           828       28.690229  16.752657  74.400966
Cruce_d           802       27.789328  12.581920  32.133416
Cruce_e           936       32.432432   5.531731   7.487179

🔢 PERFORMANCE POR COMBINACIÓN:
Combinacion  N_Señales  Pips_Mean  Pips_Median  Pips_Max  Pips_Min  Pct_Positivos  Pips_Total
          A        566  43.047527        33.15     379.6      -5.1      94.169611     24364.9
          B        574  42.995645        33.55     379.6      -8.9      93.902439     24679.5
          C        572  43.372727        33.70     379.6      -5.0      93.881119     24809.2
          D        578  43.309170        35.30     379.6      -6.2      94.290657     25032.7
          E        596  43.221980        35.45     379.6     -11.1      93.959732     25760.3

⚖️  BUY vs SELL:
Tipo  N_Señales  Pips_Mean  Pips_Median  Pips_Total  Pct_Positivos
 BUY       1450  45.615517         37.0     66142.5      95.172414
SELL       1436  40.741017         31.9     58504.1      92.896936

   ⚠️  ASIMETRÍA: BUY superior en 12.0%

🎯 TOP 10 ESTRATEGIAS ÓPTIMAS (Maximizando Pips Total):
Salida  N_Alcanzaron  Pct_Alcanzaron  Pips_Total  Pips_Mean   Score
  T500          1387       48.059598     66109.3  47.663518 66109.3
  T450          1461       50.623701     63717.9  43.612526 63717.9
  T400          1450       50.242550     61524.6  42.430759 61524.6
  T350          1473       51.039501     58494.6  39.711202 58494.6
   P40          1322       45.807346     58192.2  44.018306 58192.2
   P35          1439       49.861400     55948.2  38.879917 55948.2
  T325          1455       50.415800     55882.4  38.407148 55882.4
  T300          1441       49.930700     54658.4  37.930881 54658.4
   P50          1002       34.719335     54340.0  54.231537 54340.0
   P30          1582       54.816355     53357.6  33.727939 53357.6

✨ RECOMENDACIÓN M5:
   Salida: T500
   Pips Total: 66109.3
   Pips Mean: 47.7
   % Alcanzaron: 48.1%
   N Señales: 1387


================================================================================
COMPARACIÓN MULTI-TIMEFRAME
================================================================================

📈 RANKING DE TIMEFRAMES (por Pips Total):
Timeframe Mejor_Salida  Pips_Total  Pips_Mean  Pct_Alcanzaron  N_Señales_Totales
       M5         T500     66109.3  47.663518       48.059598               2886
      M15         T500     39333.9  80.933951       49.340102                985
      M30         T500     28972.1 115.888400       53.879310                464
       H1         T500     20242.8 180.739286       48.908297                229
       H4         T325     13733.3 392.380000       67.307692                 52

🏆 TIMEFRAME GANADOR: M5
   Mejor Salida: T500
   Pips Total: 66109.3
   Pips Mean: 47.7
   Señales/año: 2886

✅ Comparación guardada: Comparacion_Timeframes.png

================================================================================
✅ ANÁLISIS PROFESIONAL COMPLETADO
